[Corners]
c0 = (1300,370)
c1 = (1372,370)
c2 = (1372,442)
c3 = (1300,442)

[Color]
back = (0.5,0.5,0.5,1)
test = (0.49961,0.49961,0.49961,1)

