[Corners]
c0 = (1300,370)
c1 = (1372,370)
c2 = (1372,442)
c3 = (1300,442)

[Color]
back = (0.25012,0.25012,0.25012,1)
test = (0.10005,0.10005,0.10005,1)

