<?xml version="1.0"?>
<opencv_storage>
<gamma>
  2.2767117194200495e+00 2.0540689635674556e+00 2.0010895753980424e+00</gamma>
<Lmax>
  1.7398596022769465e+02 1.6160411411987502e+03 3.8690437831959116e+02</Lmax>
<xy>
  <B>
    1.5099747366549668e-01 5.8164957814590273e-02</B>
  <G>
    3.3342047659474139e-01 6.0075266629750057e-01</G>
  <R>
    6.4834333028084534e-01 3.4178659918272591e-01</R></xy>
<offset>
  5.0739235900545783e+00 6.2000000000000002e+00 7.5253486961795035e+00</offset>
</opencv_storage>
