<?xml version="1.0"?>
<opencv_storage>
<gamma>
  2.2457985080435483e+00 2.0375619127356690e+00 1.9952717173575558e+00</gamma>
<Lmax>
  1.9177805331071130e+02 1.7832023817607417e+03 4.1509050780589104e+02</Lmax>
<xy>
  <B>
    1.5100168324824778e-01 5.8832432587098665e-02</B>
  <G>
    3.3403626742022291e-01 6.0103034096065244e-01</G>
  <R>
    6.4870128650117320e-01 3.4146356715347648e-01</R></xy>
<offset>
  5.4087877843564973e+00 6.4000000000000004e+00 8.1351199750701149e+00</offset>
</opencv_storage>
