<?xml version="1.0"?>
<opencv_storage>
<tilecolor type_id="opencv-matrix">
  <rows>6</rows>
  <cols>3</cols>
  <dt>"3d"</dt>
  <data>
    2.3619999999999999e-01 2.3590000000000000e-01 4.6519999999999999e+02
    3.4200000000000003e-01 3.5599999999999998e-01 1400.
    3.2619999999999999e-01 4.4729999999999998e-01 6.7070000000000005e+02
    3.5990000000000000e-01 4.5169999999999999e-01 1382.
    3.4880000000000000e-01 3.6770000000000003e-01 1589.
    2.7770000000000000e-01 3.0059999999999998e-01 1038.
    3.8879999999999998e-01 3.5360000000000003e-01 1.8719999999999999e+02
    3.2590000000000002e-01 3.1879999999999997e-01 1258.
    2.2650000000000001e-01 2.6110000000000000e-01 4.7969999999999999e+02
    2.4240000000000000e-01 3.2429999999999998e-01 5.7179999999999995e+02
    3.8840000000000002e-01 4.6150000000000002e-01 1778.
    3.1300000000000000e-01 3.6969999999999997e-01 1653.
    2.9080000000000000e-01 2.9030000000000000e-01 1029.
    4.4469999999999998e-01 4.1370000000000001e-01 9.4970000000000005e+02
    2.9859999999999998e-01 3.4649999999999997e-01 1416.
    3.4060000000000001e-01 3.5620000000000002e-01 1396.
    2.7279999999999999e-01 3.2000000000000001e-01 1224.
    4.6150000000000002e-01 3.3650000000000002e-01 4.4230000000000001e+02</data></tilecolor>
<difference type_id="opencv-matrix">
  <rows>6</rows>
  <cols>3</cols>
  <dt>"3d"</dt>
  <data>
    1.0909090909090903e-03 -1.6909090909090908e-02 160.
    -1.0909090909090903e-03 1.0909090909090903e-03
    1.9636363636363637e+02 8.1818181818181790e-03
    -5.9999999999999984e-03 160. 7.6363636363636356e-03 0.
    2.6909090909090901e+02 -1.0363636363636363e-02
    -1.0909090909090903e-03 1.8181818181818187e+02
    3.8181818181818178e-03 -1.2000000000000000e-02
    3.3454545454545462e+02 -5.4545454545454689e-04
    1.0909090909090903e-03 3.6363636363636317e+01
    -2.1818181818181841e-03 -2.1818181818181841e-03
    1.8909090909090901e+02 -9.2727272727272728e-03
    -2.2909090909090907e-02 7.2727272727272521e+00
    -1.4181818181818184e-02 -1.0909090909090910e-02
    5.0909090909090878e+01 0. 7.0909090909090922e-03
    1.2363636363636363e+02 1.6363636363636302e-03
    -1.2000000000000000e-02 -1.0909090909090907e+02
    -6.5454545454545453e-03 -1.4727272727272728e-02
    1.3090909090909099e+02 -5.4545454545454515e-03
    1.1454545454545453e-02 1.0181818181818187e+02
    -1.6363636363636372e-03 -1.3090909090909091e-02
    1.7454545454545450e+02 2.7272727272727240e-03
    -3.2727272727272744e-03 2.1090909090909099e+02
    5.4545454545454342e-04 -1.5818181818181818e-02 0.
    -4.9090909090909116e-03 5.9999999999999984e-03
    -7.2727272727272521e+00</data></difference>
</opencv_storage>
